x,y,z
8839.94,-1.39937e+38,0.00102774
8840.82,-1.26371e+38,0.00106263
8842.25,-1.03745e+38,0.00111922
8843.97,-7.52392e+37,0.00118818
8845.69,-4.54541e+37,0.0012581
8847.12,-1.98375e+37,0.00131694
8848,-3.5476e+36,0.00135388
8848.54,6.55527e+36,0.00137664
8849.85,3.17313e+37,0.00143299
8851.98,7.40296e+37,0.001527
8854.54,1.27712e+38,0.00164633
8857.1,1.84086e+38,0.00177307
8859.23,2.32676e+38,0.00188442
8860.54,2.63585e+38,0.00195656
8861.4,2.84186e+38,0.0020053
8863.59,3.37997e+38,0.00213543
8867.14,4.28611e+38,0.00236548
8871.43,5.43762e+38,0.00268163
8875.72,6.646e+38,0.00304685
8879.27,7.68513e+38,0.00339163
8881.46,8.34441e+38,0.00362629
8882.54,8.67219e+38,0.00374778
8884.73,9.34948e+38,0.00400989
8888.28,1.0468e+39,0.00448065
8892.58,1.18552e+39,0.00514265
8896.87,1.32764e+39,0.00592673
8900.42,1.44741e+39,0.00668297
8902.61,1.52236e+39,0.00720519
8903.69,1.55932e+39,0.00747754
8905.88,1.6351e+39,0.00806874
8909.43,1.7587e+39,0.00913887
8913.72,1.90952e+39,0.0106503
8918.01,2.06143e+39,0.0124388
8921.56,2.18756e+39,0.014157
8923.75,2.26564e+39,0.0153386
8924.83,2.30395e+39,0.0159536
8927.02,2.38205e+39,0.017286
8930.57,2.50812e+39,0.0196902
8934.87,2.65982e+39,0.0230775
8939.16,2.81031e+39,0.0270816
8942.71,2.93353e+39,0.0309283
8944.9,3.00902e+39,0.0335749
8945.98,3.04582e+39,0.0349521
8948.17,3.12036e+39,0.0379307
8951.72,3.23939e+39,0.0432623
8956.01,3.38049e+39,0.0506306
8960.3,3.51807e+39,0.059105
8963.85,3.62887e+39,0.0670233
8966.04,3.69591e+39,0.0723588
8967.12,3.72835e+39,0.0751034
8969.31,3.79359e+39,0.0809663
8972.86,3.89632e+39,0.0911929
8977.15,4.01559e+39,0.104774
8981.45,4.12904e+39,0.119669
8985,4.21814e+39,0.132969
8987.19,4.27096e+39,0.141633
8987.89,4.28729e+39,0.144443
8988.52,4.30212e+39,0.14705
8989.55,4.32578e+39,0.151324
8990.8,4.35382e+39,0.156577
8992.05,4.38124e+39,0.161918
8993.08,4.40346e+39,0.166397
8993.71,4.41697e+39,0.169193
8994.25,4.42825e+39,0.171566
8995.81,4.46022e+39,0.178505
8998.33,4.50983e+39,0.189909
9001.37,4.56642e+39,0.203918
9004.41,4.6194e+39,0.218066
9006.93,4.66056e+39,0.229793
9008.49,4.68484e+39,0.237025
9009.41,4.69876e+39,0.241285
9011.6,4.73076e+39,0.251388
9015.15,4.7789e+39,0.267459
9019.44,4.83134e+39,0.286248
9023.74,4.87774e+39,0.304071
9027.29,4.91174e+39,0.31788
9029.48,4.93086e+39,0.325922
9030.56,4.93971e+39,0.329712
9032.75,4.95672e+39,0.337115
9036.3,4.98136e+39,0.348168
9040.59,5.00661e+39,0.360019
9044.88,5.02715e+39,0.370215
9048.43,5.04076e+39,0.377401
9050.62,5.04773e+39,0.38128
9051.7,5.05075e+39,0.383025
9053.89,5.05614e+39,0.386272
9057.44,5.06272e+39,0.390695
9061.74,5.06735e+39,0.394825
9066.03,5.06858e+39,0.397818
9069.58,5.06723e+39,0.399581
9071.77,5.0654e+39,0.400404
9072.85,5.06423e+39,0.400744
9075.04,5.06133e+39,0.401319
9078.59,5.05525e+39,0.401955
9082.88,5.04578e+39,0.402329
9087.17,5.03425e+39,0.402389
9090.72,5.02334e+39,0.402292
9092.91,5.01606e+39,0.4022
9093.99,5.01234e+39,0.402152
9096.18,5.00451e+39,0.402054
9099.73,4.99117e+39,0.401891
9104.02,4.97415e+39,0.401684
9108.31,4.95639e+39,0.401457
9111.86,4.94134e+39,0.40125
9114.05,4.93193e+39,0.401112
9115.13,4.92731e+39,0.40104
9117.32,4.91788e+39,0.400888
9120.87,4.90269e+39,0.400627
9125.17,4.88464e+39,0.4003
9129.46,4.86717e+39,0.399973
9133.01,4.85337e+39,0.399716
9135.2,4.8452e+39,0.399567
9135.84,4.84289e+39,0.399525
9136.23,4.84148e+39,0.3995
9136.86,4.83922e+39,0.39946
9137.63,4.83653e+39,0.399413
9138.4,4.83388e+39,0.399367
9139.03,4.83172e+39,0.39933
9139.42,4.8304e+39,0.399307
9139.96,4.82861e+39,0.399277
9141.76,4.8228e+39,0.399181
9144.68,4.81393e+39,0.399041
9148.2,4.80407e+39,0.398898
9151.72,4.79511e+39,0.398785
9154.64,4.78834e+39,0.398715
9156.44,4.78444e+39,0.398683
9157.42,4.78241e+39,0.398668
9159.61,4.77808e+39,0.398646
9163.16,4.77169e+39,0.398635
9167.45,4.76493e+39,0.398666
9171.75,4.75916e+39,0.398745
9175.3,4.75507e+39,0.398846
9177.49,4.75284e+39,0.398926
9178.57,4.75182e+39,0.398969
9180.76,4.7499e+39,0.399068
9184.31,4.7472e+39,0.399258
9188.6,4.74455e+39,0.399549
9192.89,4.7425e+39,0.399916
9196.44,4.7412e+39,0.400285
9198.63,4.74056e+39,0.400547
9199.71,4.74029e+39,0.400685
9201.9,4.73981e+39,0.400987
9205.45,4.73923e+39,0.401533
9209.74,4.7388e+39,0.402284
9214.04,4.73858e+39,0.403131
9217.59,4.73851e+39,0.403903
9219.78,4.7385e+39,0.404411
9220.86,4.7385e+39,0.404668
9223.05,4.7385e+39,0.405209
9226.6,4.73848e+39,0.406112
9230.89,4.73837e+39,0.407219
9235.18,4.73811e+39,0.408298
9238.73,4.7377e+39,0.409136
9240.92,4.73735e+39,0.409617
9242,4.73715e+39,0.40984
9244.19,4.73666e+39,0.410269
9247.74,4.73564e+39,0.410896
9252.03,4.73398e+39,0.411565
9256.33,4.73177e+39,0.412166
9259.88,4.72947e+39,0.412635
9262.07,4.72781e+39,0.412919
9263.15,4.72693e+39,0.413059
9265.34,4.72499e+39,0.413344
9268.89,4.72141e+39,0.413803
9273.18,4.7163e+39,0.414343
9277.47,4.71026e+39,0.41485
9281.02,4.70451e+39,0.415234
9283.21,4.70058e+39,0.415451
9283.79,4.69951e+39,0.415504
9283.93,4.69923e+39,0.415518
9284.17,4.69878e+39,0.41554
9284.46,4.69823e+39,0.415566
9284.75,4.69767e+39,0.415591
9284.99,4.6972e+39,0.415612
9285.13,4.69691e+39,0.415625
9285.67,4.69584e+39,0.415672
9287.72,4.69161e+39,0.41584
9291.03,4.68424e+39,0.416088
9295.03,4.67451e+39,0.416362
9299.03,4.66392e+39,0.416624
9302.34,4.65456e+39,0.416845
9304.39,4.64851e+39,0.416988
9305.43,4.64537e+39,0.417064
9307.62,4.63858e+39,0.417231
9311.17,4.62718e+39,0.417517
9315.47,4.61277e+39,0.417884
9319.76,4.59772e+39,0.418263
9323.31,4.58485e+39,0.418578
9325.5,4.57671e+39,0.418771
9326.58,4.57268e+39,0.418865
9328.77,4.56438e+39,0.419054
9332.32,4.55073e+39,0.419355
9336.61,4.53392e+39,0.41972
9340.9,4.51684e+39,0.420093
9344.45,4.50256e+39,0.420416
9346.64,4.49368e+39,0.420623
9347.72,4.48932e+39,0.420728
9349.91,4.4804e+39,0.420948
9353.46,4.46596e+39,0.421317
9357.76,4.44851e+39,0.421782
9362.05,4.43116e+39,0.422261
9365.6,4.41693e+39,0.422662
9367.79,4.40821e+39,0.42291
9368.87,4.40395e+39,0.423031
9371.06,4.39534e+39,0.423276
9374.61,4.38158e+39,0.42366
9378.9,4.3653e+39,0.424084
9383.19,4.34947e+39,0.424442
9386.74,4.33677e+39,0.42467
9388.93,4.32912e+39,0.424773
9390.01,4.32542e+39,0.424811
9392.2,4.31801e+39,0.424865
9395.75,4.3064e+39,0.424877
9400.05,4.29304e+39,0.424761
9404.34,4.28049e+39,0.424496
9407.89,4.27078e+39,0.424157
9410.08,4.2651e+39,0.42389
9411.13,4.26246e+39,0.423747
9413.23,4.2574e+39,0.423433
9416.62,4.24973e+39,0.422855
9420.72,4.24137e+39,0.422069
9424.82,4.23408e+39,0.421226
9428.21,4.22889e+39,0.420514
9430.31,4.22609e+39,0.420079
9430.84,4.22542e+39,0.419968
9430.94,4.2253e+39,0.419948
9431.1,4.22511e+39,0.419916
9431.29,4.22488e+39,0.419877
9431.48,4.22466e+39,0.419838
9431.64,4.22447e+39,0.419806
9431.74,4.22436e+39,0.419786
9432.3,4.22372e+39,0.419673
9434.49,4.22143e+39,0.419241
9438.04,4.21844e+39,0.418582
9442.33,4.21593e+39,0.417865
9446.63,4.21459e+39,0.417257
9450.18,4.21431e+39,0.41685
9452.37,4.2145e+39,0.416648
9453.45,4.21469e+39,0.416564
9455.64,4.21526e+39,0.416424
9459.19,4.21671e+39,0.416293
9463.48,4.21929e+39,0.416306
9467.77,4.22271e+39,0.41652
9471.32,4.22612e+39,0.416863
9473.51,4.22847e+39,0.417155
9474.59,4.22969e+39,0.417321
9476.78,4.23231e+39,0.417705
9480.33,4.23689e+39,0.418433
9484.62,4.24296e+39,0.41944
9488.92,4.24953e+39,0.42052
9492.47,4.25532e+39,0.421419
9494.66,4.25903e+39,0.421958
9495.74,4.26088e+39,0.422215
9497.93,4.26473e+39,0.422718
9501.48,4.27111e+39,0.423473
9505.77,4.27907e+39,0.424281
9510.06,4.28721e+39,0.424966
9513.61,4.29403e+39,0.425431
9515.8,4.29828e+39,0.425671
9516.88,4.30037e+39,0.425775
9519.07,4.30463e+39,0.425957
9522.62,4.31151e+39,0.426167
9526.91,4.31975e+39,0.426276
9531.2,4.32786e+39,0.426221
9534.75,4.33442e+39,0.426047
9536.94,4.3384e+39,0.42588
9538.02,4.34032e+39,0.42578
9540.21,4.34418e+39,0.425546
9543.76,4.35022e+39,0.425092
9548.06,4.35717e+39,0.424468
9552.35,4.36366e+39,0.423822
9555.9,4.36864e+39,0.423316
9558.09,4.37152e+39,0.423033
9559.08,4.37277e+39,0.422915
9560.94,4.37501e+39,0.422715
9563.93,4.37838e+39,0.42244
9567.55,4.38199e+39,0.42218
9571.17,4.38507e+39,0.421992
9574.16,4.38717e+39,0.421884
9576.02,4.38827e+39,0.421835
9576.55,4.38855e+39,0.421823
9576.9,4.38873e+39,0.421816
9577.45,4.389e+39,0.421806
9578.12,4.38931e+39,0.421794
9578.79,4.3896e+39,0.421785
9579.34,4.38982e+39,0.421777
9579.69,4.38995e+39,0.421774
9580.31,4.39017e+39,0.421767
9582.5,4.39081e+39,0.421754
9586.05,4.39139e+39,0.421761
9590.35,4.39136e+39,0.421815
9594.64,4.39056e+39,0.421918
9598.19,4.38935e+39,0.422041
9600.38,4.38837e+39,0.422132
9601.46,4.38782e+39,0.422182
9603.65,4.38658e+39,0.42229
9607.2,4.38422e+39,0.422481
9611.49,4.38083e+39,0.422715
9615.78,4.37687e+39,0.422929
9619.33,4.37319e+39,0.423072
9621.52,4.37076e+39,0.423137
9622.6,4.36952e+39,0.423161
9624.79,4.36689e+39,0.423194
9628.34,4.36242e+39,0.423206
9632.63,4.35664e+39,0.423166
9636.93,4.3505e+39,0.423084
9640.48,4.34517e+39,0.422996
9642.67,4.34178e+39,0.422939
9643.75,4.34009e+39,0.42291
9645.94,4.3366e+39,0.422854
9649.49,4.33082e+39,0.422769
9653.78,4.32365e+39,0.422689
9658.07,4.31632e+39,0.422646
9661.62,4.31016e+39,0.422649
9663.81,4.30632e+39,0.422672
9664.89,4.30443e+39,0.42269
9667.08,4.30057e+39,0.422741
9670.63,4.2943e+39,0.422864
9674.92,4.28671e+39,0.423079
9679.22,4.27917e+39,0.423368
9682.77,4.27299e+39,0.423665
9684.96,4.2692e+39,0.423874
9686.04,4.26736e+39,0.423984
9688.23,4.26363e+39,0.424222
9691.78,4.25768e+39,0.424643
9696.07,4.25068e+39,0.425202
9700.36,4.24392e+39,0.425802
9703.91,4.23853e+39,0.42632
9706.1,4.23531e+39,0.426646
9707.03,4.23396e+39,0.426786
9708.64,4.23168e+39,0.427026
9711.24,4.2281e+39,0.427413
9714.38,4.22396e+39,0.427869
9717.52,4.22004e+39,0.428303
9720.12,4.21697e+39,0.428637
9721.73,4.21516e+39,0.428831
9722.26,4.21457e+39,0.428893
9722.85,4.21394e+39,0.428959
9723.8,4.21292e+39,0.429062
9724.95,4.21173e+39,0.42918
9726.1,4.21057e+39,0.429291
9727.05,4.20964e+39,0.429376
9727.64,4.20907e+39,0.429426
9728.32,4.20843e+39,0.429481
9730.51,4.20642e+39,0.429638
9734.06,4.20342e+39,0.429836
9738.35,4.20018e+39,0.430007
9742.65,4.19732e+39,0.430134
9746.2,4.19524e+39,0.430229
9748.39,4.19408e+39,0.430292
9749.47,4.19354e+39,0.430325
9751.66,4.1925e+39,0.430401
9755.21,4.19101e+39,0.43055
9759.5,4.18947e+39,0.43078
9763.79,4.1882e+39,0.431078
9767.34,4.18735e+39,0.431385
9769.53,4.1869e+39,0.431606
9770.61,4.1867e+39,0.431724
9772.8,4.18634e+39,0.431983
9776.35,4.18586e+39,0.432463
9780.65,4.18544e+39,0.433149
9784.94,4.18519e+39,0.433961
9788.49,4.18508e+39,0.434735
9790.68,4.18505e+39,0.435263
9791.76,4.18505e+39,0.435537
9793.95,4.18506e+39,0.436121
9797.5,4.18512e+39,0.437129
9801.79,4.18525e+39,0.438411
9806.08,4.18543e+39,0.439712
9809.63,4.18558e+39,0.440764
9811.82,4.18568e+39,0.44139
9812.9,4.18572e+39,0.441687
9815.09,4.18581e+39,0.442271
9818.64,4.18594e+39,0.443157
9822.94,4.18604e+39,0.44414
9827.23,4.18606e+39,0.445034
9830.78,4.186e+39,0.445716
9832.97,4.18592e+39,0.446113
9834.05,4.18587e+39,0.446302
9836.24,4.18574e+39,0.446675
9839.79,4.18545e+39,0.447238
9844.08,4.18493e+39,0.447842
9848.37,4.18422e+39,0.448348
9851.92,4.18347e+39,0.448683
9854.11,4.18293e+39,0.448848
9854.98,4.18269e+39,0.448904
9856.35,4.1823e+39,0.44898
9858.55,4.18162e+39,0.449078
9861.21,4.1807e+39,0.449158
9863.87,4.17966e+39,0.4492
9866.07,4.17871e+39,0.449211
9867.44,4.17809e+39,0.449209
9867.97,4.17783e+39,0.449206
9868.81,4.17742e+39,0.4492
9870.16,4.17674e+39,0.449186
9871.78,4.17587e+39,0.449164
9873.41,4.17495e+39,0.449136
9874.76,4.17416e+39,0.44911
9875.6,4.17366e+39,0.449093
9876.34,4.1732e+39,0.449077
9878.53,4.17178e+39,0.449029
9882.08,4.16932e+39,0.448945
9886.37,4.16608e+39,0.448835
9890.66,4.16255e+39,0.448719
9894.21,4.15941e+39,0.448621
9896.4,4.15737e+39,0.44856
9897.48,4.15635e+39,0.44853
9899.67,4.15421e+39,0.448469
9903.22,4.1506e+39,0.448369
9907.51,4.146e+39,0.448242
9911.8,4.14115e+39,0.448104
9915.35,4.13695e+39,0.447978
9917.54,4.13427e+39,0.447893
9918.62,4.13294e+39,0.447849
9920.81,4.13017e+39,0.447755
9924.36,4.12557e+39,0.44758
9928.65,4.11981e+39,0.447319
9932.95,4.11384e+39,0.446983
9936.5,4.10874e+39,0.446634
9938.69,4.10552e+39,0.446381
9939.77,4.10393e+39,0.446245
9941.96,4.10064e+39,0.445945
9945.51,4.09522e+39,0.445406
9949.8,4.0885e+39,0.444693
9954.09,4.08161e+39,0.443948
9957.64,4.07578e+39,0.443334
9959.83,4.07213e+39,0.442967
9960.91,4.07032e+39,0.442791
9963.1,4.06661e+39,0.442446
9966.65,4.06052e+39,0.441925
9970.94,4.05304e+39,0.441359
9975.24,4.04543e+39,0.440871
9978.79,4.03903e+39,0.440529
9980.98,4.03504e+39,0.440348
9982.06,4.03308e+39,0.440268
9984.25,4.02904e+39,0.440122
9987.8,4.02246e+39,0.439941
9992.09,4.01442e+39,0.439818
9996.38,4.00629e+39,0.439807
9999.93,3.9995e+39,0.439888
10002.1,3.99527e+39,0.439981
10002.9,3.99371e+39,0.440025
10004,3.99155e+39,0.440092
10005.9,3.98805e+39,0.440216
10008,3.98381e+39,0.440391
10010.2,3.97955e+39,0.440586
10012,3.97602e+39,0.440759
10013.1,3.97383e+39,0.440869
10013.7,3.97277e+39,0.440923
10014.7,3.97064e+39,0.441033
10016.5,3.9672e+39,0.441212
10018.6,3.96302e+39,0.441428
10020.7,3.95884e+39,0.441638
10022.5,3.95537e+39,0.441803
10023.5,3.95323e+39,0.4419
10024.3,3.95163e+39,0.44197
10026.5,3.94727e+39,0.442145
10030.1,3.94021e+39,0.442376
10034.4,3.93167e+39,0.442554
10038.7,3.92314e+39,0.442599
10042.2,3.9161e+39,0.442519
10044.4,3.91176e+39,0.442409
10045.5,3.90963e+39,0.442338
10047.7,3.9053e+39,0.442154
10051.2,3.89832e+39,0.44175
10055.5,3.88994e+39,0.441083
10059.8,3.88162e+39,0.440218
10063.4,3.8748e+39,0.43935
10065.6,3.87061e+39,0.438744
10066.6,3.86856e+39,0.438428
10068.8,3.86441e+39,0.437746
10072.4,3.85776e+39,0.436562
10076.7,3.84982e+39,0.435053
10081,3.84201e+39,0.433534
10084.5,3.83564e+39,0.432326
10086.7,3.83176e+39,0.431622
10087.8,3.82987e+39,0.431293
10090,3.82604e+39,0.430657
10093.5,3.81995e+39,0.429728
10097.8,3.81273e+39,0.428767
10102.1,3.8057e+39,0.427978
10105.7,3.80003e+39,0.427452
10107.9,3.7966e+39,0.427183
10108.9,3.79493e+39,0.427066
10111.1,3.79158e+39,0.42686
10114.7,3.78628e+39,0.426625
10119,3.78009e+39,0.42652
10123.2,3.77413e+39,0.426634
10126.8,3.7694e+39,0.42691
10129,3.76656e+39,0.42717
10130.1,3.76519e+39,0.427324
10132.3,3.76246e+39,0.427688
10135.8,3.7582e+39,0.428408
10140.1,3.7533e+39,0.429449
10144.4,3.74871e+39,0.430622
10147.9,3.74514e+39,0.43165
10150.1,3.74305e+39,0.432296
10150.9,3.74235e+39,0.432517
10151.8,3.74155e+39,0.432774
10153.2,3.74029e+39,0.433187
10154.9,3.7388e+39,0.433679
10156.6,3.73738e+39,0.434161
10158,3.73624e+39,0.434549
10158.9,3.73556e+39,0.434783
10159.4,3.73514e+39,0.434925
10160.7,3.73415e+39,0.435264
10162.9,3.73261e+39,0.435783
10165.5,3.73087e+39,0.436355
10168,3.72924e+39,0.436855
10170.2,3.72799e+39,0.437205
10171.5,3.72725e+39,0.43739
10172.4,3.72678e+39,0.437497
10174.6,3.72565e+39,0.437718
10178.1,3.72398e+39,0.437921
10182.4,3.72223e+39,0.437912
10186.7,3.72074e+39,0.437627
10190.2,3.71971e+39,0.437182
10192.4,3.71915e+39,0.436813
10193.5,3.7189e+39,0.436606
10195.7,3.71844e+39,0.436133
10199.2,3.71781e+39,0.435249
10203.5,3.71724e+39,0.43404
10207.8,3.71687e+39,0.432755
10211.4,3.7167e+39,0.43169
10213.6,3.71666e+39,0.431053
10214.6,3.71665e+39,0.43075
10216.8,3.71667e+39,0.430158
10220.4,3.71677e+39,0.429284
10224.7,3.71703e+39,0.428391
10229,3.71741e+39,0.427715
10232.5,3.71781e+39,0.427349
10234.7,3.71808e+39,0.42722
10235.8,3.71823e+39,0.427186
10238,3.71854e+39,0.427179
10241.5,3.71909e+39,0.42735
10245.8,3.7198e+39,0.427876
10250.1,3.72057e+39,0.428771
10253.7,3.72123e+39,0.429806
10255.9,3.72165e+39,0.430586
10256.9,3.72186e+39,0.431008
10259.1,3.72228e+39,0.431949
10262.7,3.72296e+39,0.433672
10267,3.72377e+39,0.436034
10271.3,3.72456e+39,0.438629
10274.8,3.72519e+39,0.440895
10277,3.72556e+39,0.44233
10278.1,3.72573e+39,0.44304
10280.3,3.72608e+39,0.444493
10283.8,3.7266e+39,0.446851
10288.1,3.72715e+39,0.449686
10292.4,3.7276e+39,0.452468
10296,3.72788e+39,0.454702
10298.2,3.72802e+39,0.456043
10298.8,3.72806e+39,0.456458
10299.5,3.72808e+39,0.456829
10300.5,3.72813e+39,0.457422
10301.7,3.72816e+39,0.458127
10302.9,3.72819e+39,0.458818
10303.9,3.72821e+39,0.459378
10304.5,3.72821e+39,0.459719
10305.1,3.72821e+39,0.46001
10306.7,3.7282e+39,0.460839
10309.2,3.72814e+39,0.462117
10312.3,3.72799e+39,0.463546
10315.3,3.72777e+39,0.464835
10317.9,3.72754e+39,0.465785
10319.4,3.72737e+39,0.466315
10320.4,3.72726e+39,0.466605
10322.6,3.72698e+39,0.467233
10326.1,3.72645e+39,0.468072
10330.4,3.7257e+39,0.468819
10334.7,3.72484e+39,0.469306
10338.2,3.72403e+39,0.469538
10340.4,3.7235e+39,0.469613
10341.5,3.72323e+39,0.469632
10343.7,3.72266e+39,0.46964
10347.3,3.72168e+39,0.469578
10351.5,3.72041e+39,0.469415
10355.8,3.71905e+39,0.469206
10359.4,3.71787e+39,0.469033
10361.6,3.71712e+39,0.468941
10362.7,3.71674e+39,0.468902
10364.9,3.71595e+39,0.468838
10368.4,3.71465e+39,0.46878
10372.7,3.71302e+39,0.468786
10377,3.71133e+39,0.468877
10380.5,3.70989e+39,0.469018
10382.7,3.70899e+39,0.469135
10383.8,3.70855e+39,0.469201
10386,3.70763e+39,0.469354
10389.5,3.70613e+39,0.469646
10393.8,3.70429e+39,0.470069
10398.1,3.70242e+39,0.470559
10401.7,3.70086e+39,0.471008
10403.9,3.69989e+39,0.471303
10404.9,3.69942e+39,0.471452
10407.1,3.69845e+39,0.471762
10410.7,3.69688e+39,0.472269
10415,3.69498e+39,0.472861
10419.3,3.69309e+39,0.473386
10422.8,3.69154e+39,0.47374
10425,3.69059e+39,0.47391
10426.1,3.69012e+39,0.473978
10428.3,3.68918e+39,0.474082
10431.8,3.68767e+39,0.47415
10436.1,3.68587e+39,0.474063
10440.4,3.68411e+39,0.473782
10444,3.68269e+39,0.473399
10446.2,3.68183e+39,0.473091
10446.8,3.68159e+39,0.472993
10447.2,3.68144e+39,0.472931
10447.8,3.6812e+39,0.472826
10448.5,3.68091e+39,0.472695
10449.3,3.68062e+39,0.472558
10449.9,3.68039e+39,0.472439
10450.3,3.68025e+39,0.472364
10450.8,3.68004e+39,0.472257
10452.7,3.67937e+39,0.471876
10455.6,3.6783e+39,0.4712
10459.1,3.67703e+39,0.4703
10462.7,3.67577e+39,0.469329
10465.6,3.67473e+39,0.468486
10467.4,3.67408e+39,0.467953
10468.4,3.67373e+39,0.467661
10470.6,3.67293e+39,0.467002
10474.1,3.67162e+39,0.465913
10478.4,3.66999e+39,0.464548
10482.7,3.66827e+39,0.463115
10486.3,3.66678e+39,0.461869
10488.5,3.66582e+39,0.461066
10489.5,3.66534e+39,0.460662
10491.7,3.66432e+39,0.459821
10495.3,3.6626e+39,0.458418
10499.6,3.66038e+39,0.456681
10503.8,3.65797e+39,0.454935
10507.4,3.65582e+39,0.453511
10509.6,3.65442e+39,0.452651
10510.7,3.65371e+39,0.452237
10512.9,3.65221e+39,0.451411
10516.4,3.64966e+39,0.450147
10520.7,3.64632e+39,0.448773
10525,3.6427e+39,0.44762
10528.5,3.63947e+39,0.446872
10530.7,3.63736e+39,0.446517
10531.4,3.63666e+39,0.446422
10532.1,3.63598e+39,0.44634
10533.2,3.63487e+39,0.446225
10534.5,3.63349e+39,0.446116
10535.9,3.63208e+39,0.446038
10537,3.63089e+39,0.445998
10537.6,3.63014e+39,0.445983
10538.2,3.62953e+39,0.445977
10539.7,3.6278e+39,0.445986
10542.1,3.62491e+39,0.446079
10545.1,3.62126e+39,0.446314
10548.1,3.61746e+39,0.446675
10550.5,3.6142e+39,0.447061
10552,3.61213e+39,0.447338
10553,3.61088e+39,0.447517
10555.2,3.6078e+39,0.447987
10558.7,3.60267e+39,0.448855
10563,3.59625e+39,0.450059
10567.3,3.5896e+39,0.451407
10570.8,3.58396e+39,0.45261
10573,3.58041e+39,0.453386
10574.1,3.57865e+39,0.453774
10576.3,3.57503e+39,0.454577
10579.8,3.56911e+39,0.455891
10584.1,3.56185e+39,0.457463
10588.4,3.55448e+39,0.458958
10592,3.54834e+39,0.460096
10594.2,3.54452e+39,0.460738
10595.2,3.54265e+39,0.461032
10597.4,3.53882e+39,0.461587
10601,3.53263e+39,0.462341
10605.3,3.52515e+39,0.462978
10609.6,3.5177e+39,0.463268
10613.1,3.51159e+39,0.46321
10615.3,3.50783e+39,0.463025
10616.4,3.506e+39,0.462891
10618.6,3.50228e+39,0.46252
10622.1,3.49632e+39,0.461619
10626.4,3.48925e+39,0.45996
10630.7,3.48234e+39,0.457583
10634.3,3.47676e+39,0.455003
10636.5,3.47338e+39,0.453103
10637.5,3.47174e+39,0.452081
10639.7,3.46845e+39,0.449802
10643.3,3.46326e+39,0.445504
10647.6,3.45723e+39,0.439165
10651.9,3.45149e+39,0.431395
10655.4,3.44697e+39,0.423753
10657.6,3.44429e+39,0.418425
10658.4,3.44332e+39,0.416338
10659.5,3.44202e+39,0.413377
10661.3,3.43997e+39,0.408329
10663.5,3.43758e+39,0.401815
10665.6,3.43528e+39,0.394871
10667.4,3.43346e+39,0.388817
10668.5,3.43236e+39,0.38494
10669.1,3.43184e+39,0.383017
10670.2,3.43081e+39,0.379058
10671.9,3.42919e+39,0.37246
10674,3.42732e+39,0.364178
10676.2,3.42555e+39,0.355581
10677.9,3.42416e+39,0.348246
10679,3.42333e+39,0.343614
10679.8,3.42273e+39,0.340144
10682,3.42117e+39,0.330507
10685.6,3.41884e+39,0.314459
10689.9,3.41635e+39,0.294522
10694.1,3.41419e+39,0.274306
10697.7,3.41264e+39,0.257605
10699.9,3.41179e+39,0.247374
10701,3.4114e+39,0.242399
10703.2,3.41065e+39,0.232359
10706.7,3.40961e+39,0.216472
10711,3.40859e+39,0.197949
10715.3,3.40783e+39,0.180316
10718.8,3.40737e+39,0.166512
10721,3.40716e+39,0.158369
10722.1,3.40708e+39,0.154494
10724.3,3.40695e+39,0.146836
10727.9,3.40686e+39,0.13511
10732.1,3.40691e+39,0.12196
10736.4,3.40713e+39,0.109849
10740,3.40743e+39,0.100553
10742.2,3.40766e+39,0.0951074
10743.3,3.40779e+39,0.0925174
10745.5,3.40807e+39,0.0873938
10749,3.40858e+39,0.0795504
10753.3,3.4093e+39,0.0707781
10757.6,3.41011e+39,0.0627579
10761.1,3.41082e+39,0.0566732
10763.3,3.41128e+39,0.0531522
10764.4,3.41152e+39,0.0514913
10766.6,3.412e+39,0.0482355
10770.1,3.41279e+39,0.0433343
10774.4,3.41377e+39,0.037982
10778.7,3.41475e+39,0.0332208
10782.3,3.41555e+39,0.0297021
10784.5,3.41603e+39,0.027706
10785.5,3.41627e+39,0.0267756
10787.7,3.41674e+39,0.0249734
10791.3,3.41747e+39,0.0223138
10795.6,3.4183e+39,0.0194848
10799.9,3.41905e+39,0.0170338
10803.4,3.4196e+39,0.015258
10805.6,3.41991e+39,0.014261
10806.4,3.42e+39,0.0139363
10807.2,3.42011e+39,0.0135712
10808.6,3.42027e+39,0.0130025
10810.3,3.42045e+39,0.0123499
10812,3.4206e+39,0.0117341
10813.4,3.42071e+39,0.0112514
10814.3,3.42078e+39,0.0109646
10814.8,3.42081e+39,0.0107908
10816.2,3.42089e+39,0.0103759
10818.3,3.42098e+39,0.00974562
10820.9,3.42103e+39,0.00904659
10823.5,3.42103e+39,0.0084113
10825.6,3.42098e+39,0.00793005
10827,3.42093e+39,0.00765101
10827.8,3.42089e+39,0.00747678
10830,3.42076e+39,0.00705825
10833.6,3.42044e+39,0.00644917
10837.9,3.41989e+39,0.00581101
10842.2,3.41916e+39,0.00526236
10845.7,3.41841e+39,0.00486262
10847.9,3.41788e+39,0.00463482
10849,3.4176e+39,0.00452755
10851.2,3.417e+39,0.00431697
10854.7,3.4159e+39,0.00399931
10859,3.41439e+39,0.00365189
10863.3,3.41267e+39,0.00334305
10866.9,3.41108e+39,0.00311562
10869.1,3.41002e+39,0.00298725
10870.1,3.40948e+39,0.00292766
10872.3,3.40833e+39,0.00281266
10875.9,3.40635e+39,0.00264347
10880.2,3.40373e+39,0.00246245
10884.4,3.40088e+39,0.0023017
10888,3.39833e+39,0.00217992
10890.2,3.39667e+39,0.00210812
10891.3,3.39583e+39,0.0020736
10893.5,3.39407e+39,0.00200434
10897,3.39108e+39,0.00189573
10901.3,3.38723e+39,0.00177014
10905.6,3.3831e+39,0.00165103
10909.1,3.37948e+39,0.00155756
10911.3,3.37715e+39,0.00150211
10912.4,3.37597e+39,0.00147559
10914.6,3.37353e+39,0.00142283
10918.2,3.36942e+39,0.0013408
10922.5,3.36419e+39,0.00124606
10926.7,3.35865e+39,0.00115482
10930.3,3.35385e+39,0.00108098
10932.5,3.35077e+39,0.00103569
